7 .270 
5 .090 
3 .180 
5 .180 
7 .180 
6 .180 
7 .180
3 .180
5 .180
5 .180
5 .180
5 .900

5 .325 
3 .125 
2 .180 
3 .180 
5 .180 
4 .180 
5 .180 
2 .180
3 .180
3 .180
3 .180
3 .900

-2 .270
-1 .090
0 .270
-1 .090
-2 .180
-1 .090
0 .270
-1 .090
-2 .180
5 .180
5 .180
5 .900
    
-2 .270
-1 .090
0 .270
-1 .090
-2 .180
-1 .090
0 .270
-1 .090
-2 .180
7 .180
7 .180
7 .900

7 .270 
5 .090 
3 .180 
5 .180 
7 .180 
6 .180 
7 .180
3 .180
5 .180
5 .180
5 .180
5 .900

0 .180
-1 .180
0 .180
5 .540
7 .360
10 .720

-100 5
