2 .125
3 .125
4 .125
12 .25
4 .125
12 .25
4 .125
12 .75

12 .125
14 .125
15 .125
16 .125
12 .125
14 .125
16 .25
11 .125
14 .25
12 .75

2 .125
3 .125
4 .125
12 .25
4 .125
12 .25
4 .125
12 .75

9 .125
7 .125
6 .125
9 .125
12 .125
16 .25
14 .125
12 .125
9 .125
14 .75
    
2 .125
3 .125
4 .125
12 .25
4 .125
12 .25
4 .125
12 .75

12 .125
14 .125
15 .125
16 .125
12 .125
14 .125
16 .25
11 .125
14 .25
12 .75

12 .125
14 .125
15 .125
16 .125
12 .125
14 .125
16 .25
12 .125
14 .125
12 .125
16 .125
12 .125
14 .125
16 .25
12 .125
14 .125
12 .125
16 .125
12 .125
14 .125
16 .25
11 .125
14 .25
12 .25
7 .25
0 .25