5  .065
6  .015
7  .015
8  .015
9  .015

10 .625
9  .125
10 .500
9  .625
10 .125

10 .125
9  .125
7  .125
5  .125
7  .125
9  .125

-100  .125

5  .125
7  .500
7  .125
5  .125
2  .125
2  .125

3  .250
8  .125
8  .125
8  .125
7  .125
3  .125
-2 .375
-2 .125
2  .125
3  .250
5  .125

5  .125
4  .125
5  .250
5  .500

17 .125
15 .125
12 .125
16 .125
17 .250
17 .250

9  .250
10 .375
9  .125
10 .250
9  .500
9  .250
10 .125
10 .125


10 .125
9  .125
7  .125
5  .125
7  .125
9  .125

-100  .125

5  .125
7  .5
7  .125
5  .125
2  .125
2  .125

3  .25
8  .125
8  .125
8  .125
7  .125
3  .125
-2 .375
-2 .125
2  .125
3  .25
5  .125

5  .125
4  .125
5  .25
5  1