-9 .2
-4 .2
-2 .2
0  .45
0  .45
0  .2
-2 .2
-4 .2
-5 .2
-4 .45
-4 .45
-4 .2
-5 .2
-7 .2
-9 .2
-7 .45
-9 .45

-100 .2

-4 .2
-2 .2
-4 .2
-5 1.0

-100 .2

-9 .2
-5 .2
-4 .2
-2 .45
-5 .45
-4 .45
-2 .45
0  .3
5  .1
3  .6

-100 .9

0  .3
0  .1
-9 0.8
-9 .2
-5 .2
-2 .2
-4 1.0

-100 .45

-4 .3
-4 .1
1  .45
5  .45
5  .45
3  .3
2  .1
3  1.0

-100 .6

-9 .2
-5 .2
-4 .2
-2 .45
-5 .45
-4 .45
-2 .45
0  1.0

-100 .6

-4 .3
-4 .1
1  .45
5  .45
5  .45
3  .3
2  .1
3  1.0

-100 .6

0  .3
-2 .1
-4 .6

-100 .2

-4 .2
0  .2
1  .2
3  1.0

-100 .6

3  .3
5  .1
3  .6

-100 .2

1  .2
0  .2
-2 .2
-4 1.5